[track1]
name=Галс 1
start_lat=55.570179129680383
start_lon=38.107387300438972
end_lat=55.570348638849921
end_lon=38.102028474013849

[track2]
name=Галс 2
start_lat=55.570714794684378
start_lon=38.10207325139865
end_lat=55.570544454146692
end_lon=38.107426428906876

[track3]
name=Галс 3
start_lat=55.571013685904994
start_lon=38.102103319558722
end_lat=55.570819072918276
end_lon=38.107495096445803
