[track1]
name=Галс 1
start_lat=55.570522995394121
start_lon=38.105182474060086
end_lat=55.570513605270648
end_lon=38.102058972768845

[track2]
name=Галс 2
start_lat=55.570718960624284
start_lon=38.102058972768845
end_lat=55.570732646954809
end_lon=38.105177149225653

[track3]
name=Галс 3
start_lat=55.570981092553659
start_lon=38.102081297370574
end_lat=55.571032057264908
end_lon=38.104777351572466
